# Keypairs generados que terminan en "CWC"
# Generado el: 2025-10-12T16:36:42.465Z
# Total de keypairs: 20

# Keypair 1
Public Key: AZ9NzB7RyHyeeyA33XmgLnnwicY19g5mZMYupABH6CWC
Private Key: [128,71,20,244,178,18,45,239,50,165,212,218,135,136,124,24,71,71,29,29,35,28,118,92,32,179,29,148,228,124,81,52,141,245,62,18,72,44,113,129,203,30,220,230,74,131,50,194,52,5,253,144,86,59,23,33,86,234,168,151,88,21,82,241]

# Keypair 2
Public Key: D21aBesxoL57Pzeg7QJwgc3o4Bt2WGTRY6DXtpGYQCWC
Private Key: [19,155,104,233,9,88,244,94,71,202,54,105,16,172,43,61,181,102,213,88,192,128,16,143,189,238,147,211,38,66,16,202,178,142,120,136,204,45,187,85,69,98,16,228,110,231,18,129,195,24,44,149,100,223,227,193,122,26,83,214,74,126,201,81]

# Keypair 3
Public Key: FsyGnMaH4p2NJmiWHjJqHkgcSo36RZcrXC1eq2CZhCWC
Private Key: [207,96,130,187,36,86,103,41,194,19,153,113,83,154,49,241,110,194,202,73,114,142,215,237,46,12,47,61,71,58,194,200,221,18,72,212,127,160,35,13,150,193,239,210,37,195,84,219,186,182,230,201,112,20,51,34,157,208,199,84,246,170,172,137]

# Keypair 4
Public Key: 8PYB1Yrhf4ve7rX5P4Fxe15B8kk9AJqrA5C43LuUCWC
Private Key: [191,66,92,198,52,163,1,15,102,141,81,14,248,62,85,174,46,35,190,182,162,234,144,141,11,252,162,99,49,126,205,154,1,228,140,129,90,146,188,39,116,158,131,15,136,215,116,141,238,150,198,99,152,200,207,119,209,45,141,55,22,197,134,129]

# Keypair 5
Public Key: 2eg3sCcyWKaw1bT6dj4tutsiCCUcX5qU2ywQrEQxACWC
Private Key: [184,44,174,94,193,2,207,42,215,139,27,194,228,225,183,15,95,2,29,42,36,208,88,128,87,248,103,100,49,23,233,119,24,130,84,133,190,128,206,165,105,123,26,5,175,183,29,109,60,38,10,77,5,17,168,85,13,201,30,205,59,153,225,33]

# Keypair 6
Public Key: Ks2PETVwnuj2q6H6MfbXKhnVDkvS8gDneT7yqAszCWC
Private Key: [225,20,63,35,146,193,153,155,97,195,62,238,94,213,44,108,192,88,43,207,123,156,119,208,16,61,212,182,31,248,69,149,4,213,4,71,45,83,31,218,201,206,17,255,227,152,238,146,239,48,51,199,64,59,83,3,84,1,238,158,78,195,183,209]

# Keypair 7
Public Key: 9gcPQ4HCGQfeSmyR8EQBAj1MsgGWVYxDuJkYHtH1nCWC
Private Key: [252,224,167,23,237,12,45,253,224,253,118,219,201,103,241,254,35,88,235,121,134,218,0,216,102,181,39,103,65,94,174,208,129,3,40,129,165,12,112,216,233,79,223,9,244,177,154,229,206,216,62,35,0,254,159,231,78,105,121,246,7,91,17,241]

# Keypair 8
Public Key: Fx7xrEGGetPaetLv2yANwEdjM93zUZsq4D5hekRM5CWC
Private Key: [112,247,7,144,46,51,98,189,164,58,95,45,20,84,53,112,228,242,244,187,116,41,56,228,40,82,11,36,252,185,70,205,222,34,111,56,118,138,170,172,114,117,155,64,178,56,139,153,14,158,161,118,170,46,206,217,146,39,160,81,85,157,21,73]

# Keypair 9
Public Key: F6nFJY6Hb1TWg4Wa3U99c1A9mgdKjk33JzLdhsHRCWC
Private Key: [54,134,65,231,249,4,99,205,132,134,131,141,75,30,112,167,148,8,8,28,175,175,121,221,205,101,201,74,101,162,225,47,3,156,170,187,109,39,38,162,154,219,168,50,98,215,236,165,5,219,70,108,134,147,50,147,203,197,161,59,108,0,26,41]

# Keypair 10
Public Key: 6irvP5VDTtW3DhPFjixciuXwNtVTdqakoVvtkjTqcCWC
Private Key: [3,252,63,185,78,205,75,130,123,90,42,81,45,205,113,235,24,164,2,72,20,162,47,128,43,203,62,82,117,76,160,8,85,3,177,99,224,79,123,188,14,161,199,162,41,77,205,35,184,108,150,208,60,159,70,24,84,227,210,146,135,243,94,225]

# Keypair 11
Public Key: Fn9qwERK3vUYnUdBhbrwqd1tgUbb7DjQnQK4cdAe8CWC
Private Key: [201,79,30,30,101,55,229,120,53,149,191,144,89,196,204,41,18,90,11,67,95,214,251,119,240,240,190,95,219,143,108,229,219,148,192,195,227,180,29,23,252,146,28,176,253,209,22,26,150,123,86,121,5,39,80,142,224,37,184,198,139,132,239,177]

# Keypair 12
Public Key: 5gnAxEkANEyKbNY4U1XobtAvjxwJSVHG6AJSXJgY9CWC
Private Key: [1,160,194,61,180,150,226,59,102,18,183,182,61,250,239,89,92,95,4,189,95,251,51,200,86,238,86,38,201,223,118,34,69,159,121,149,200,40,216,95,183,113,28,253,140,243,106,36,186,141,193,66,116,139,227,52,56,116,184,9,222,115,220,249]

# Keypair 13
Public Key: EQhtcs8uoeskjzQg8V3H5NHdTWLhtRjkYUYkwaCDXCWC
Private Key: [221,97,207,185,204,70,13,88,219,13,193,179,94,230,41,143,105,82,202,197,250,219,237,219,207,228,105,221,47,114,146,47,199,58,133,233,50,217,49,191,212,17,23,4,110,137,92,234,38,97,78,252,72,78,241,121,240,65,3,129,203,7,156,185]

# Keypair 14
Public Key: 96jCAs6jS3d7RwLdQAsjVEFsUnSq9VPod9MkPHrW3CWC
Private Key: [157,45,122,138,20,20,191,23,164,162,25,250,81,148,20,174,183,37,38,152,246,124,56,30,137,188,31,201,227,107,68,126,120,85,27,85,17,83,180,245,178,115,167,188,56,131,149,101,21,158,127,126,5,253,84,191,165,35,100,68,68,71,103,233]

# Keypair 15
Public Key: 8i6gMANsq7PRjqrbxzHZ8KDCsyTb12K4fh7sDabUsCWC
Private Key: [163,177,122,28,104,6,136,91,178,96,78,74,143,57,166,85,12,49,207,154,94,145,91,95,206,149,86,97,213,38,165,40,114,137,10,209,6,172,128,21,15,10,90,97,131,166,38,230,189,216,60,177,9,233,1,130,70,27,20,91,134,238,77,41]

# Keypair 16
Public Key: 3htMxGCVbzzryEjCYtwGMSbq3oNFhSoQFfduuDRhuCWC
Private Key: [24,204,136,48,9,43,192,127,218,187,225,155,115,219,70,15,103,230,69,231,35,76,251,129,86,205,20,173,2,87,184,183,40,48,174,57,246,164,78,219,237,42,234,55,213,232,139,187,177,180,66,119,89,5,76,248,162,48,8,176,66,173,185,201]

# Keypair 17
Public Key: Cun1mh7ADdSaPVpoEu6GSNsQg1zRyN3beB3Lo6jVzCWC
Private Key: [27,180,231,148,197,84,113,132,41,179,44,106,68,48,46,233,69,249,219,1,30,124,59,49,203,122,153,58,228,19,237,192,176,245,167,170,132,119,147,245,172,42,59,85,1,58,100,160,149,235,61,24,191,197,240,30,157,49,118,251,28,2,29,81]

# Keypair 18
Public Key: Eu93ZEdP9XRcnJaqiSjnsLzEB5VovAaqWZEumBKFzCWC
Private Key: [177,17,64,50,165,31,241,143,168,197,195,65,222,161,195,5,229,47,83,188,21,246,32,116,99,193,170,243,126,113,223,47,206,131,58,65,227,95,123,228,3,69,73,85,61,109,247,79,227,228,154,146,168,172,77,144,167,5,203,157,21,226,160,177]

# Keypair 19
Public Key: FsgBz9nT4Sy6eJFhg7wYLYpJKpgiCubR7LLVAf2cZCWC
Private Key: [61,91,39,88,110,147,83,198,179,75,85,15,114,155,198,89,6,91,4,182,117,12,193,178,81,209,234,25,97,100,226,188,220,254,248,17,208,187,213,32,49,110,230,46,205,63,83,133,164,161,38,15,157,158,153,232,248,54,132,172,230,21,108,249]

# Keypair 20
Public Key: 1vYAZ3xafyp9ViTRyHa8txYtjQyiFaw8ENBth7hiCWC
Private Key: [109,3,100,188,158,220,178,88,81,135,135,228,66,176,98,240,205,131,9,46,59,38,102,141,153,34,171,89,210,62,157,217,0,60,136,235,127,246,227,83,20,74,165,134,239,137,142,114,114,106,81,83,71,86,82,92,75,11,99,124,229,213,157,81]

